01001
01035
01075
01089
01103
01201
01230
01267
01301
01453
01460
01527
01701
01752
01754
01801
01803
01844
01851
01879
01923
01930
01945
01952
01970
02019
02026
02035
02043
02066
02111
02114
02125
02138
02139
02145
02184
02210
02333
02339
02364
02368
02453
02465
02467
02472
02554
02638
02649
02660
02667
02721
02747
02760
02840
02865
02879
02886
02891
02903
03042
03054
03079
03103
03106
03246
03251
03253
03276
03452
03766
03801
03825
04011
04062
04072
04073
04086
04092
04101
04330
04473
04609
04730
04976
05602
05641
06037
06040
06042
06062
06070
06106
06107
06250
06351
06355
06385
06443
06460
06473
06489
06498
06611
06706
06776
06790
06801
06810
06824
06840
06851
06854
06877
06901
06905
07014
07016
07036
07042
07052
07069
07080
07092
07094
07103
07201
07310
07470
07506
07601
07624
07652
07660
07666
07675
07676
07701
07716
07724
07728
07730
07840
07866
07871
07924
07928
07936
07960
08002
08012
08016
08043
08050
08053
08057
08080
08083
08096
08225
08247
08330
08360
08406
08520
08540
08558
08610
08723
08755
08816
08820
08835
08837
08844
08854
08901
08902
10001
10002
10003
10005
10011
10012
10013
10016
10019
10023
10024
10027
10028
10036
10065
10282
10306
10308
10309
10314
10451
10475
10512
10522
10543
10547
10570
10573
10601
10704
10708
10710
10801
10803
10901
10940
10954
10994
11030
11101
11201
11211
11220
11222
11230
11231
11235
11354
11360
11365
11367
11375
11385
11415
11530
11542
11563
11570
11590
11704
11710
11729
11731
11735
11742
11743
11756
11779
11783
11790
11937
11946
11968
12065
12144
12203
12205
12208
12209
12305
12306
12401
12477
12498
12508
12534
12546
12572
12601
12804
12866
12901
13021
13031
13045
13104
13126
13204
13211
13346
13413
13421
13440
13601
13612
13820
13850
13905
14043
14048
14052
14127
14141
14203
14207
14216
14219
14221
14225
14226
14304
14420
14424
14454
14489
14513
14564
14569
14580
14618
14623
14624
14626
14706
14750
14843
14845
14850
14870
15017
15061
15084
15120
15143
15146
15205
15217
15228
15237
15238
15241
15601
15650
15701
15801
15905
16001
16055
16066
16127
16335
16365
16509
16635
16801
16803
17011
17013
17050
17102
17112
17325
17331
17403
17408
17543
17601
17603
17701
17724
17756
17815
17870
18034
18045
18104
18106
18202
18301
18360
18503
18507
18519
18657
18701
18840
18848
18951
18964
18976
19006
19010
19020
19031
19047
19064
19072
19073
19102
19104
19106
19107
19115
19121
19127
19335
19341
19382
19406
19426
19428
19446
19454
19456
19462
19464
19512
19601
19605
19610
19702
19709
19711
19801
19803
19804
19963
19971
20001
20002
20003
20007
20121
20147
20148
20155
20164
20170
20175
20190
20603
20613
20619
20705
20707
20745
20748
20770
20774
20782
20814
20817
20850
20878
20902
20910
21030
21044
21046
21054
21076
21117
21157
21201
21211
21212
21227
21236
21244
21286
21401
21702
21704
21740
21742
21801
22030
22031
22033
22046
22102
22150
22191
22192
22201
22202
22203
22206
22314
22315
22401
22407
22480
22601
22602
22630
22701
22801
22901
22902
23005
23060
23072
23112
23113
23114
23185
23188
23230
23233
23235
23294
23321
23435
23451
23452
23454
23462
23510
23511
23602
23606
23666
23834
24012
24014
24015
24060
24073
24101
24112
24153
24202
24210
24333
24382
24401
24426
24450
24501
24502
24541
24701
24901
25276
25309
25313
25404
25504
25560
25601
25701
25801
26059
26105
26201
26241
26330
26501
26651
27030
27103
27105
27127
27203
27215
27265
27284
27330
27407
27408
27410
27511
27514
27516
27518
27519
27529
27534
27536
27540
27560
27574
27609
27610
27613
27614
27615
27617
27713
27804
27834
27870
27893
27909
27948
28001
28025
28027
28054
28078
28079
28081
28110
28117
28146
28152
28209
28216
28262
28269
28270
28273
28277
28303
28306
28314
28387
28405
28412
28461
28504
28532
28546
28560
28602
28607
28642
28645
28658
28719
28734
28741
28779
28782
28786
28803
28804
28805
29072
29115
29150
29210
29212
29223
29229
29301
29307
29406
29407
29412
29464
29483
29485
29501
29526
29572
29577
29607
29609
29621
29625
29640
29649
29678
29681
29707
29728
29730
29802
29910
29926
29928
30005
30009
30013
30019
30022
30024
30033
30041
30043
30045
30062
30064
30067
30068
30075
30076
30084
30087
30092
30096
30097
30101
30114
30116
30120
30125
30135
30141
30144
30165
30189
30214
30223
30240
30253
30260
30265
30277
30306
30308
30316
30319
30324
30326
30328
30329
30331
30338
30339
30363
30458
30504
30512
30519
30529
30534
30540
30546
30563
30601
30605
30606
30620
30642
30721
30742
30809
30909
31015
31021
31028
31061
31210
31313
31322
31404
31420
31501
31522
31525
31545
31602
31707
31768
31792
31903
31904
31905
31909
32003
32055
32073
32091
32097
32114
32128
32168
32216
32225
32256
32259
32303
32317
32406
32413
32446
32503
32505
32536
32541
32550
32563
32569
32571
32607
32608
32701
32703
32746
32765
32789
32803
32819
32828
32830
32901
32904
32907
32940
32952
32960
32966
33004
33012
33014
33020
33024
33026
33027
33030
33040
33062
33070
33071
33073
33076
33122
33126
33130
33131
33133
33139
33143
33146
33172
33175
33176
33180
33183
33189
33301
33304
33306
33312
33323
33324
33326
33331
33351
33410
33411
33414
33426
33431
33434
33442
33446
33463
33467
33477
33511
33534
33542
33544
33566
33578
33606
33609
33612
33625
33634
33647
33701
33710
33761
33771
33772
33781
33803
33809
33837
33859
33870
33881
33901
33903
33907
33913
33948
33990
34103
34108
34109
34135
34145
34202
34203
34210
34236
34239
34292
34453
34474
34613
34668
34677
34684
34741
34747
34761
34787
34788
34957
34986
35007
35010
35022
35055
35094
35125
35203
35209
35216
35235
35243
35244
35405
35601
35630
35758
35769
35802
35806
35901
35950
36037
36066
36116
36117
36203
36303
36352
36502
36526
36527
36542
36561
36695
36804
36830
37013
37040
37042
37066
37067
37075
37087
37122
37128
37129
37167
37174
37204
37214
37215
37221
37303
37312
37343
37353
37388
37402
37412
37421
37601
37620
37664
37745
37801
37813
37830
37841
37862
37863
37902
37917
37919
37922
38004
38017
38018
38103
38104
38117
38120
38133
38134
38138
38242
38305
38358
38464
38506
38654
38655
38671
38701
38804
38834
39110
39157
39180
39208
39216
39232
39301
39350
39401
39402
39429
39440
39503
39531
39540
39601
39705
39759
40204
40207
40220
40229
40241
40299
40356
40391
40422
40475
40503
40507
40508
40509
40601
40701
40965
41031
41042
41056
41071
41076
41101
41102
42001
42066
42101
42103
42141
42240
42303
42420
42431
42701
43017
43050
43056
43123
43130
43147
43201
43202
43209
43212
43219
43228
43230
43235
43240
43302
43311
43506
43512
43532
43537
43551
43623
43701
43725
44001
44035
44056
44060
44070
44074
44094
44102
44116
44118
44120
44122
44123
44125
44136
44144
44145
44202
44203
44212
44223
44236
44240
44256
44266
44308
44310
44446
44512
44646
44691
44702
44720
44857
44870
44883
44903
45013
45036
45040
45069
45102
45150
45177
45209
45220
45227
45233
45236
45241
45245
45246
45248
45255
45342
45356
45402
45424
45431
45440
45449
45505
45601
45631
45640
45662
45805
45822
45840
45863
45891
46032
46033
46052
46060
46112
46123
46140
46142
46158
46168
46176
46204
46217
46220
46227
46229
46240
46250
46254
46256
46278
46360
46368
46375
46383
46410
46526
46545
46567
46580
46614
46703
46706
46750
46804
46825
46902
46947
46952
46992
47025
47130
47150
47201
47274
47303
47331
47374
47403
47404
47421
47441
47501
47546
47591
47630
47670
47710
47712
47715
47802
47805
47905
47906
47933
47960
48009
48035
48038
48042
48051
48059
48060
48067
48071
48083
48092
48095
48116
48152
48162
48176
48180
48183
48184
48185
48187
48195
48197
48307
48312
48314
48326
48327
48336
48353
48371
48377
48390
48415
48439
48446
48471
48532
48604
48640
48706
48768
48801
48838
48858
48864
48867
48911
48912
48917
49007
49009
49015
49022
49024
49036
49038
49058
49080
49090
49093
49120
49202
49221
49242
49331
49412
49417
49418
49423
49424
49431
49441
49444
49503
49508
49512
49525
49544
49601
49684
49738
50009
50010
50023
50112
50125
50129
50158
50208
50219
50220
50250
50263
50266
50310
50317
50321
50428
50511
50588
50702
50849
51012
51031
51101
51106
51250
51301
51351
51401
51501
51601
52002
52101
52240
52241
52302
52353
52402
52544
52556
52577
52761
52801
52807
53005
53018
53027
53038
53051
53081
53092
53095
53129
53142
53147
53151
53154
53177
53186
53202
53211
53217
53226
53511
53590
53704
53719
53818
53913
53916
54022
54143
54220
54304
54311
54474
54601
54902
54914
54915
54971
55011
55019
55044
55066
55068
55077
55112
55113
55122
55125
55127
55128
55306
55328
55344
55362
55374
55376
55379
55387
55408
55414
55416
55425
55433
55435
55441
55720
55802
55807
55811
55901
55904
55906
56001
56031
56073
56143
56187
56201
56265
56288
56320
56387
56472
56649
56716
56721
57006
57069
57105
57106
57110
57350
57401
57501
57701
58103
58701
59102
59404
59422
59601
59701
59718
59801
59808
59901
60002
60007
60010
60014
60018
60020
60026
60031
60035
60047
60056
60061
60062
60068
60077
60090
60091
60098
60101
60108
60110
60115
60118
60123
60126
60137
60148
60156
60160
60173
60174
60178
60189
60201
60301
60411
60415
60423
60431
60440
60450
60451
60467
60478
60510
60515
60517
60523
60525
60542
60543
60546
60548
60555
60560
60564
60602
60605
60610
60611
60614
60615
60639
60647
60652
60657
60706
60714
60804
60901
60914
61032
61081
61108
61115
61265
61350
61354
61356
61364
61401
61455
61550
61554
61571
61615
61701
61727
61761
61764
61822
61874
61938
61944
62002
62025
62052
62056
62220
62249
62269
62301
62448
62454
62521
62656
62703
62711
62864
62901
62946
62959
63005
63010
63028
63040
63080
63084
63090
63101
63108
63110
63117
63126
63131
63133
63141
63303
63368
63376
63385
63401
63640
63701
63801
63901
64012
64015
64029
64050
64057
64067
64068
64081
64086
64093
64105
64114
64116
64119
64151
64429
64506
64601
64701
64735
64801
64850
65037
65049
65109
65201
65203
65251
65270
65301
65401
65536
65583
65613
65708
65721
65804
65806
65807
66002
66046
66048
66062
66067
66111
66202
66206
66211
66217
66223
66441
66502
66508
66604
66614
66701
66720
66749
66762
66801
66901
66935
67042
67114
67156
67205
67206
67209
67226
67301
67401
67460
67501
67530
67801
67846
67901
67950
68022
68025
68106
68114
68118
68123
68138
68144
68164
68310
68410
68467
68505
68508
68516
68787
68803
68847
68901
69001
69101
69153
69361
70006
70032
70058
70065
70119
70123
70364
70403
70433
70460
70503
70508
70601
70607
70726
70737
70808
70810
70816
70817
70836
71075
71101
71105
71111
71270
71291
71301
71351
71446
71655
71730
71913
72019
72023
72032
72116
72143
72202
72210
72211
72404
72501
72601
72703
72712
72756
72758
72762
72801
72903
72956
73034
73072
73099
73104
73108
73110
73111
73114
73118
73127
73134
73160
73401
73505
73801
73942
74005
74011
74012
74017
74055
74066
74074
74132
74133
74135
74354
74653
74804
74820
74868
75013
75022
75025
75032
75033
75034
75039
75040
75044
75052
75056
75062
75067
75070
75071
75075
75077
75080
75092
75093
75098
75104
75126
75146
75149
75154
75156
75160
75165
75204
75206
75208
75209
75215
75219
75225
75231
75234
75238
75243
75254
75455
75460
75503
75605
75662
75703
75751
75801
75901
76011
76015
76017
76018
76022
76028
76031
76039
76048
76051
76053
76063
76067
76086
76092
76102
76107
76109
76115
76116
76120
76123
76132
76135
76137
76177
76182
76201
76210
76240
76248
76262
76308
76401
76502
76513
76522
76543
76548
76701
76710
76711
76802
76901
76904
77002
77024
77027
77029
77036
77040
77049
77064
77075
77089
77304
77338
77339
77357
77375
77379
77380
77384
77385
77386
77388
77396
77406
77407
77429
77433
77449
77459
77471
77477
77479
77494
77502
77503
77523
77554
77566
77581
77584
77591
77598
77642
77705
77706
77808
77845
77904
78006
78009
78041
78045
78064
78108
78114
78130
78154
78155
78205
78209
78216
78218
78221
78223
78227
78229
78230
78232
78233
78238
78245
78250
78253
78257
78258
78374
78412
78413
78417
78503
78504
78520
78539
78550
78572
78577
78582
78596
78602
78613
78628
78640
78654
78660
78664
78666
78681
78701
78704
78717
78723
78726
78735
78737
78738
78745
78746
78748
78749
78750
78752
78753
78757
78759
78801
78840
78852
79008
79119
79414
79416
79423
79601
79606
79706
79720
79762
79765
79906
79912
79924
79925
79928
79936
79938
80002
80012
80013
80016
80020
80021
80023
80031
80109
80110
80111
80120
80122
80123
80129
80134
80202
80203
80204
80206
80220
80222
80226
80238
80301
80401
80435
80487
80501
80517
80524
80525
80526
80528
80537
80538
80601
80631
80734
80807
80863
80906
80907
80909
80920
80921
80922
81008
81082
81212
81505
81611
81623
81650
82070
82930
83202
83221
83301
83402
83404
83406
83440
83642
83646
83651
83702
83709
83814
83835
83852
84003
84014
84015
84020
84025
84041
84043
84045
84047
84058
84062
84065
84070
84074
84075
84084
84088
84095
84096
84097
84098
84101
84106
84115
84117
84119
84120
84123
84302
84332
84341
84401
84404
84405
84601
84604
84660
84720
84770
84790
85004
85015
85016
85027
85033
85044
85050
85054
85085
85142
85194
85201
85204
85206
85209
85215
85226
85234
85248
85250
85251
85254
85260
85281
85282
85283
85286
85295
85296
85305
85308
85345
85364
85365
85374
85382
85383
85388
85392
85395
85546
85614
85621
85635
85706
85711
85712
85713
85716
85737
85741
85743
85748
86004
86301
86314
86336
86409
87031
87109
87110
87112
87114
87120
87121
87123
87124
87505
87507
87532
87571
87701
89014
89015
89027
89029
89030
89052
89084
89101
89102
89103
89108
89119
89121
89122
89130
89135
89144
89169
89183
89301
89406
89423
89431
89434
89502
89511
89701
89801
90005
90008
90015
90017
90022
90024
90025
90027
90028
90036
90045
90046
90064
90067
90068
90094
90211
90232
90241
90242
90245
90249
90255
90272
90274
90275
90278
90280
90292
90303
90401
90503
90505
90602
90620
90621
90631
90638
90640
90650
90660
90701
90703
90712
90746
90802
90803
90808
91007
91011
91016
91101
91106
91206
91210
91302
91303
91307
91316
91321
91324
91326
91344
91351
91355
91360
91362
91402
91403
91501
91502
91601
91606
91608
91702
91709
91710
91711
91722
91730
91739
91740
91748
91750
91752
91754
91762
91763
91764
91790
91801
91910
91915
91942
91950
92003
92008
92009
92019
92020
92024
92025
92037
92054
92057
92064
92069
92083
92108
92118
92122
92126
92128
92130
92154
92220
92223
92231
92234
92243
92253
92262
92270
92284
92308
92311
92335
92345
92374
92376
92392
92401
92404
92503
92506
92508
92530
92553
92562
92583
92591
92602
92604
92612
92618
92626
92627
92647
92656
92660
92672
92675
92677
92683
92688
92691
92701
92705
92782
92802
92821
92832
92841
92845
92867
92868
92881
92883
92886
93001
93003
93010
93012
93030
93036
93060
93063
93065
93101
93103
93105
93117
93215
93230
93245
93257
93274
93291
93304
93309
93311
93312
93401
93420
93422
93454
93534
93536
93546
93551
93555
93612
93618
93710
93720
93722
93726
93901
93906
93933
93940
94015
94040
94043
94063
94066
94086
94102
94103
94110
94115
94121
94123
94132
94301
94401
94403
94513
94520
94523
94530
94533
94538
94541
94545
94546
94550
94553
94556
94559
94560
94563
94565
94568
94574
94578
94587
94591
94596
94607
94608
94610
94611
94612
94705
94806
94901
94920
94930
94939
94941
94945
94952
95008
95010
95020
95030
95035
95037
95050
95054
95060
95066
95076
95113
95122
95123
95125
95128
95130
95202
95210
95222
95240
95337
95340
95354
95356
95367
95370
95376
95380
95403
95404
95437
95453
95472
95482
95603
95616
95630
95642
95661
95667
95677
95678
95688
95695
95758
95762
95765
95814
95818
95823
95825
95832
95834
95841
95926
95945
95959
95993
96003
96080
96145
96701
96707
96720
96732
96734
96740
96744
96753
96761
96782
96789
96799
96814
96816
96817
96911
97005
97007
97030
97045
97055
97060
97086
97113
97116
97123
97124
97203
97204
97205
97209
97212
97214
97224
97232
97266
97267
97301
97302
97317
97321
97322
97330
97333
97338
97351
97381
97383
97386
97401
97439
97477
97501
97702
97814
98001
98003
98004
98006
98008
98020
98029
98032
98034
98037
98043
98052
98057
98072
98101
98105
98107
98110
98116
98125
98133
98155
98188
98208
98221
98225
98226
98233
98270
98272
98292
98310
98335
98337
98346
98368
98370
98373
98383
98390
98402
98407
98499
98502
98516
98604
98607
98626
98660
98662
98665
98683
98901
98902
98903
99001
99201
99207
99216
99218
99336
99362
99503
99504
99515
99669
99701
